function run_bsl_d2

% run bsl with summary statistics for dataset 2

load('d2.mat')

n = length(y);

numComp = 3;

m = 100;

% TUNED
cov_rw = [0.000310582133586228,-3.25365330846906e-05,0.00132814998311528,-4.46435386557578e-05,0.00245780354701571,0.00494199420684221,0.00154891909859838;-3.25365330846906e-05,0.00129605959774353,0.00291901384890096,3.34444777722296e-05,0.00207469391113080,0.00514695201375829,0.00111699605107574;0.00132814998311528,0.00291901384890096,0.156583563936491,0.000295617080708861,0.120116259345920,0.315240907915225,0.0486053702305633;-4.46435386557578e-05,3.34444777722296e-05,0.000295617080708861,9.37339556214246e-05,0.00336618090512241,0.00335664282415336,0.000780874655941451;0.00245780354701571,0.00207469391113080,0.120116259345920,0.00336618090512241,0.776689397015056,0.480984739534562,0.220060510338587;0.00494199420684221,0.00514695201375829,0.315240907915225,0.00335664282415336,0.480984739534562,2.90641467172723,0.509969461836983;0.00154891909859838,0.00111699605107574,0.0486053702305633,0.000780874655941451,0.220060510338587,0.509969461836983,0.150516071969578];

% define prior
prior.num_params = 7;
prior.p1 = [250 0.05 0.05 0 0 0 0];
prior.p2 = [400 0.5 0.35 50 7 50 7];
prior.sampler = @() [unifrnd(prior.p1,prior.p2)]; 
prior.pdf = @(theta) prod(exp(theta)./(1 + exp(theta)).^2);
prior.trans_f = @(theta) [log((theta - prior.p1)./(prior.p2 - theta))];
prior.trans_finv = @(theta) [(prior.p2.*exp(theta) + prior.p1)./(1 + exp(theta))];

tic;
% include initialisation of mcmc chain
[theta,dist] = bayes_toggle_bsl_aux_start(y,n,m,200000,cov_rw,prior,numComp,theta_test);
finaltime=toc;

save('results_mcmc_bsl_d2.mat','theta','dist','finaltime');


end
