function run_bsl_d5

% run bsl with summary statistics for dataset 5

load('d5.mat')

n = length(y);

numComp = 3;

m = 100;

% TUNED
cov_rw = [0.246315295287107,-0.0914718373849860,0.0614044472017513,-0.0541935310103408,-0.133804141255228,-0.211142718613182,-0.437020621902729;-0.0914718373849860,0.0536222809323271,-0.00684952531956675,0.0201541571616695,0.0534417097747732,0.0785070585712267,0.183148607028236;0.0614044472017513,-0.00684952531956675,0.0407939908823968,-0.0149353334229354,-0.0311412316434532,-0.0807686630879302,-0.0982734421863447;-0.0541935310103408,0.0201541571616695,-0.0149353334229354,0.0128035394511802,0.0336884636403456,0.0613133234339919,0.107794502878842;-0.133804141255228,0.0534417097747732,-0.0311412316434532,0.0336884636403456,0.198025358673684,0.149091246231317,0.602568346947061;-0.211142718613182,0.0785070585712267,-0.0807686630879302,0.0613133234339919,0.149091246231317,2.10571996994515,1.04044260492268;-0.437020621902729,0.183148607028236,-0.0982734421863447,0.107794502878842,0.602568346947061,1.04044260492268,2.43100621707569];

% define prior
prior.num_params = 7;
prior.p1 = [250 0.05 0.05 0 0 0 0];
prior.p2 = [400 0.5 0.35 50 7 50 7];
prior.sampler = @() [unifrnd(prior.p1,prior.p2)]; 
prior.pdf = @(theta) prod(exp(theta)./(1 + exp(theta)).^2);
prior.trans_f = @(theta) [log((theta - prior.p1)./(prior.p2 - theta))];
prior.trans_finv = @(theta) [(prior.p2.*exp(theta) + prior.p1)./(1 + exp(theta))];

tic;
% include initialisation of mcmc chain
[theta,dist] = bayes_toggle_bsl_aux_start(y,n,m,200000,cov_rw,prior,numComp,theta_test);
finaltime=toc;

save('results_mcmc_bsl_d5.mat','theta','dist','finaltime');


end
